CIR SUMMARY: WHONDRS_WROL2019
============================================================
Formulae: 150999
Samples: 501

                      count   mean    std    min    25%    50%    75%    max
compound_class                                                              
CRAM                32046.0  0.951  0.103  0.448  0.888  0.956  1.021  1.337
N_containing         4848.0  1.252  0.081  0.884  1.215  1.266  1.311  1.430
aromatic            20531.0  0.846  0.087  0.519  0.784  0.852  0.914  1.171
carbohydrate_like   20767.0  1.186  0.133  0.673  1.090  1.184  1.295  1.473
condensed_aromatic  32115.0  0.846  0.117  0.300  0.786  0.854  0.926  1.142
lipid_like          36235.0  1.234  0.156  0.693  1.123  1.226  1.351  1.649
other                1912.0  1.269  0.069  0.797  1.237  1.271  1.303  1.493
protein_like         2545.0  1.106  0.076  0.986  1.057  1.080  1.118  1.363
