CIR SUMMARY: WHONDRS_S19S_SurfaceWater
============================================================
Formulae: 166262
Samples: 282

                      count   mean    std    min    25%    50%    75%    max
compound_class                                                              
CRAM                36117.0  0.952  0.102  0.448  0.888  0.956  1.022  1.342
N_containing         4342.0  1.257  0.063  0.898  1.224  1.264  1.299  1.425
aromatic            24525.0  0.848  0.082  0.519  0.792  0.855  0.912  1.181
carbohydrate_like   25600.0  1.195  0.127  0.673  1.098  1.198  1.300  1.485
condensed_aromatic  36222.0  0.848  0.102  0.300  0.787  0.849  0.919  1.175
lipid_like          34104.0  1.240  0.151  0.693  1.137  1.232  1.356  1.641
other                2354.0  1.274  0.064  0.947  1.239  1.270  1.299  1.502
protein_like         2998.0  1.101  0.073  0.978  1.057  1.078  1.109  1.378
