CIR SUMMARY: Marine_DOM_PANGAEA
============================================================
Formulae: 30198
Samples: 2

                      count   mean    std    min    25%    50%    75%    max
compound_class                                                              
CRAM                14495.0  1.035  0.076  0.832  0.986  1.023  1.060  1.334
N_containing          502.0  1.219  0.038  1.119  1.194  1.221  1.245  1.359
aromatic             1636.0  0.854  0.038  0.695  0.830  0.853  0.879  1.071
carbohydrate_like     952.0  1.159  0.099  0.904  1.089  1.204  1.227  1.399
condensed_aromatic    415.0  0.874  0.060  0.379  0.848  0.877  0.907  1.114
lipid_like           4762.0  1.253  0.118  0.903  1.148  1.273  1.350  1.572
other                7247.0  1.250  0.053  1.110  1.216  1.248  1.275  1.440
protein_like          189.0  1.098  0.091  1.013  1.028  1.037  1.170  1.339
