CIR SUMMARY: Soil_DOM_Xia_Liu_2025
============================================================
Formulae: 121324
Samples: 0

                      count   mean    std    min    25%    50%    75%    max
compound_class                                                              
CRAM                33492.0  1.034  0.094  0.826  0.973  1.015  1.064  1.342
N_containing         9062.0  1.223  0.052  1.119  1.186  1.217  1.254  1.387
aromatic            19716.0  0.874  0.052  0.700  0.840  0.871  0.901  1.112
carbohydrate_like    8338.0  1.209  0.066  0.943  1.172  1.222  1.255  1.348
condensed_aromatic  12833.0  0.877  0.066  0.495  0.836  0.880  0.920  1.090
lipid_like          13681.0  1.317  0.080  1.063  1.278  1.327  1.377  1.479
other               21328.0  1.248  0.073  1.110  1.196  1.232  1.279  1.468
protein_like         2874.0  1.180  0.101  1.012  1.080  1.227  1.265  1.345
