CIR SUMMARY: WHONDRS_YDE21_Arctic
============================================================
Formulae: 86338
Samples: 180

                      count   mean    std    min    25%    50%    75%    max
compound_class                                                              
CRAM                13349.0  0.935  0.116  0.458  0.869  0.942  1.008  1.337
N_containing         4635.0  1.245  0.064  0.959  1.210  1.246  1.289  1.430
aromatic             7342.0  0.850  0.079  0.549  0.793  0.854  0.911  1.167
carbohydrate_like    7554.0  1.167  0.130  0.706  1.070  1.167  1.270  1.487
condensed_aromatic  20736.0  0.840  0.132  0.300  0.785  0.862  0.926  1.175
lipid_like          30338.0  1.231  0.158  0.706  1.111  1.224  1.351  1.659
other                1485.0  1.253  0.076  0.981  1.207  1.242  1.286  1.497
protein_like          899.0  1.142  0.102  1.009  1.058  1.103  1.224  1.384
