CIR SUMMARY: WHONDRS_S19S_Sediment
============================================================
Formulae: 127136
Samples: 276

                      count   mean    std    min    25%    50%    75%    max
compound_class                                                              
CRAM                24951.0  0.945  0.105  0.448  0.883  0.951  1.014  1.337
N_containing         4292.0  1.239  0.072  0.884  1.200  1.244  1.287  1.430
aromatic            14185.0  0.841  0.084  0.538  0.782  0.842  0.904  1.173
carbohydrate_like   14189.0  1.175  0.130  0.673  1.080  1.172  1.278  1.478
condensed_aromatic  24401.0  0.835  0.123  0.300  0.778  0.847  0.917  1.175
lipid_like          42127.0  1.233  0.154  0.693  1.118  1.230  1.350  1.639
other                1479.0  1.261  0.073  0.797  1.216  1.252  1.293  1.482
protein_like         1512.0  1.132  0.095  0.985  1.060  1.090  1.204  1.384
